[gd_scene load_steps=8 format=3 uid="uid://drslnmwg3sumf"]

[ext_resource type="Script" uid="uid://cfinh2lxfg31r" path="res://Scripts/world.gd" id="1_fo5ed"]
[ext_resource type="PackedScene" uid="uid://dp7qio86hk64j" path="res://Meshes/pyra_world.fbx" id="2_5ukr8"]
[ext_resource type="PackedScene" uid="uid://bb28plwvmfby2" path="res://Scenes/level.tscn" id="3_o06y3"]
[ext_resource type="Script" uid="uid://p3txqf0mjxo3" path="res://Scripts/drop_kill_zone.gd" id="4_k7acu"]
[ext_resource type="PackedScene" uid="uid://c1ft78rr6ksxt" path="res://Scenes/time_crystal.tscn" id="5_5v1tr"]

[sub_resource type="Environment" id="Environment_ig7tw"]
background_mode = 1
background_color = Color(0.573216, 0.662119, 0.842046, 1)
background_energy_multiplier = 0.3
tonemap_white = 1.2
glow_enabled = true
glow_hdr_scale = 4.0
fog_enabled = true
fog_mode = 1
fog_light_color = Color(0.512, 0.39, 1, 1)
fog_light_energy = 4.0
fog_sun_scatter = 0.39
fog_density = 1.0
fog_depth_end = 164.0

[sub_resource type="WorldBoundaryShape3D" id="WorldBoundaryShape3D_1bvp3"]

[node name="World" type="Node3D"]
script = ExtResource("1_fo5ed")

[node name="WorldEnvironment" type="WorldEnvironment" parent="."]
environment = SubResource("Environment_ig7tw")

[node name="DirectionalLight3D" type="DirectionalLight3D" parent="."]
transform = Transform3D(1, 0, 0, 0, -4.37114e-08, 1, 0, -1, -4.37114e-08, 0, 10.4477, 12.4516)
light_energy = 0.3
light_indirect_energy = 0.4
light_cull_mask = 4294967293
shadow_enabled = true
shadow_opacity = 0.7
shadow_blur = 0.0
shadow_caster_mask = 4294967293
directional_shadow_mode = 0

[node name="PyraWorld" parent="." instance=ExtResource("2_5ukr8")]
transform = Transform3D(-1.95039e-08, 3.91188e-08, 1, 0.894934, 0.446198, 0, -0.446198, 0.894934, -4.37114e-08, 0, 0, 0)

[node name="Present" parent="PyraWorld" node_paths=PackedStringArray("past", "present", "future") instance=ExtResource("3_o06y3")]
transform = Transform3D(0.446198, 0.894934, 0, -0.894934, 0.446198, 0, 3.55271e-15, 1.18852e-16, 1, 71.3547, 12.1426, 2.84217e-13)
past = NodePath("../Past")
present = NodePath(".")
future = NodePath("../Future")

[node name="Past" parent="PyraWorld" node_paths=PackedStringArray("past", "present", "future") instance=ExtResource("3_o06y3")]
transform = Transform3D(0, -4.47035e-08, 1, -0.894934, 0.446197, 0, -0.446197, -0.894934, -4.37114e-08, 0, 12.143, -71.355)
past = NodePath(".")
present = NodePath("../Present")
future = NodePath("../Future")
selected_level = 0

[node name="Future" parent="PyraWorld" node_paths=PackedStringArray("past", "present", "future") instance=ExtResource("3_o06y3")]
transform = Transform3D(2.98023e-08, -4.47035e-08, -1, -0.894934, 0.446197, 0, 0.446197, 0.894934, -4.37114e-08, 0, 12.143, 71.355)
past = NodePath("../Past")
present = NodePath("../Present")
future = NodePath(".")
selected_level = 2

[node name="Drop_KillZone" type="Area3D" parent="."]
transform = Transform3D(1, 0, 0, 0, 1, 0, 0, 0, 1, 0, 29.7566, 0)
script = ExtResource("4_k7acu")

[node name="CollisionShape3D" type="CollisionShape3D" parent="Drop_KillZone"]
shape = SubResource("WorldBoundaryShape3D_1bvp3")
debug_color = Color(0.970763, 0, 0.452533, 0.42)

[node name="Crystals" type="Node3D" parent="."]

[node name="TimeCrystal" parent="Crystals" groups=["present"] instance=ExtResource("5_5v1tr")]
transform = Transform3D(-1, 0, -8.74228e-08, 0, 1, 0, 8.74228e-08, 0, -1, -47.941, 44.8241, -97.3597)

[node name="TimeCrystal3" parent="Crystals" groups=["present"] instance=ExtResource("5_5v1tr")]
transform = Transform3D(-1, 0, -8.74228e-08, 0, 1, 0, 8.74228e-08, 0, -1, -47.941, 44.8241, -93.7646)

[node name="TimeCrystal4" parent="Crystals" groups=["present"] instance=ExtResource("5_5v1tr")]
transform = Transform3D(-1, 0, -8.74228e-08, 0, 1, 0, 8.74228e-08, 0, -1, -44.587, 47.5956, -90.6249)

[node name="TimeCrystal5" parent="Crystals" groups=["present"] instance=ExtResource("5_5v1tr")]
transform = Transform3D(-1, 0, -8.74228e-08, 0, 1, 0, 8.74228e-08, 0, -1, -44.587, 47.5956, -100.586)

[node name="TimeCrystal6" parent="Crystals" groups=["present"] instance=ExtResource("5_5v1tr")]
transform = Transform3D(-1, 0, -8.74228e-08, 0, 1, 0, 8.74228e-08, 0, -1, -51.7001, 47.5956, -90.6249)

[node name="TimeCrystal7" parent="Crystals" groups=["present"] instance=ExtResource("5_5v1tr")]
transform = Transform3D(-1, 0, -8.74228e-08, 0, 1, 0, 8.74228e-08, 0, -1, -51.7001, 47.5956, -100.586)

[node name="TimeCrystal8" parent="Crystals" groups=["present"] instance=ExtResource("5_5v1tr")]
transform = Transform3D(-1, 0, -8.74228e-08, 0, 1, 0, 8.74228e-08, 0, -1, -31.5862, 45.1474, -103.401)

[node name="TimeCrystal9" parent="Crystals" groups=["present"] instance=ExtResource("5_5v1tr")]
transform = Transform3D(-1, 0, -8.74228e-08, 0, 1, 0, 8.74228e-08, 0, -1, -31.2613, 48.5164, -93.044)

[node name="TimeCrystal10" parent="Crystals" groups=["present"] instance=ExtResource("5_5v1tr")]
transform = Transform3D(-1, 0, -8.74228e-08, 0, 1, 0, 8.74228e-08, 0, -1, -37.258, 49.2966, -80.3735)

[node name="TimeCrystal11" parent="Crystals" groups=["present"] instance=ExtResource("5_5v1tr")]
transform = Transform3D(-1, 0, -8.74228e-08, 0, 1, 0, 8.74228e-08, 0, -1, -50.7427, 50.3737, -79.6553)

[node name="TimeCrystal13" parent="Crystals" groups=["present"] instance=ExtResource("5_5v1tr")]
transform = Transform3D(-1, 0, -8.74228e-08, 0, 1, 0, 8.74228e-08, 0, -1, -62.3292, 52.2811, -88.5082)

[node name="TimeCrystal14" parent="Crystals" groups=["present"] instance=ExtResource("5_5v1tr")]
transform = Transform3D(-1, 0, -8.74228e-08, 0, 1, 0, 8.74228e-08, 0, -1, -62.2038, 55.0758, -99.7278)

[node name="TimeCrystal15" parent="Crystals" groups=["present"] instance=ExtResource("5_5v1tr")]
transform = Transform3D(-1, 0, -8.74228e-08, 0, 1, 0, 8.74228e-08, 0, -1, -44.7401, 61.0058, -101.622)

[node name="TimeCrystal16" parent="Crystals" groups=["present"] instance=ExtResource("5_5v1tr")]
transform = Transform3D(-1, 0, -8.74228e-08, 0, 1, 0, 8.74228e-08, 0, -1, -40.5145, 61.0058, -102.645)

[node name="TimeCrystal17" parent="Crystals" groups=["present"] instance=ExtResource("5_5v1tr")]
transform = Transform3D(-1, 0, -8.74228e-08, 0, 1, 0, 8.74228e-08, 0, -1, -41.6346, 61.0058, -99.6645)

[node name="TimeCrystal12" parent="Crystals" groups=["present"] instance=ExtResource("5_5v1tr")]
transform = Transform3D(-1, 0, -8.74228e-08, 0, 1, 0, 8.74228e-08, 0, -1, -54.7167, 50.3737, -77.0011)

[node name="TimeCrystal2" parent="Crystals" instance=ExtResource("5_5v1tr")]
transform = Transform3D(0.8, 0, 0, 0, 0.8, 0, 0, 0, 0.8, -0.339142, 42.3038, -98.5329)

[node name="TimeCrystal18" parent="Crystals" instance=ExtResource("5_5v1tr")]
transform = Transform3D(0.8, 0, 0, 0, 0.8, 0, 0, 0, 0.8, -4.27839, 42.3038, -107.334)

[node name="TimeCrystal21" parent="Crystals" instance=ExtResource("5_5v1tr")]
transform = Transform3D(0.8, 0, 0, 0, 0.8, 0, 0, 0, 0.8, -0.339142, 42.3038, -87.6334)

[node name="TimeCrystal19" parent="Crystals" instance=ExtResource("5_5v1tr")]
transform = Transform3D(0.8, 0, 0, 0, 0.8, 0, 0, 0, 0.8, 8.36304, 42.3038, -104.711)

[node name="TimeCrystal20" parent="Crystals" instance=ExtResource("5_5v1tr")]
transform = Transform3D(0.8, 0, 0, 0, 0.8, 0, 0, 0, 0.8, 8.36304, 42.3038, -90.8185)

[node name="TimeCrystal22" parent="Crystals" instance=ExtResource("5_5v1tr")]
transform = Transform3D(0.8, 0, 0, 0, 0.8, 0, 0, 0, 0.8, -7.95961, 42.3038, -103.99)

[node name="TimeCrystal23" parent="Crystals" instance=ExtResource("5_5v1tr")]
transform = Transform3D(0.8, 0, 0, 0, 0.8, 0, 0, 0, 0.8, -9.33945, 42.3038, -97.6252)

[node name="TimeCrystal29" parent="Crystals" instance=ExtResource("5_5v1tr")]
transform = Transform3D(1, 0, 0, 0, 1, 0, 0, 0, 1, 51.8241, 52.3605, -79.6301)

[node name="TimeCrystal26" parent="Crystals" instance=ExtResource("5_5v1tr")]
transform = Transform3D(0.8, 0, 0, 0, 0.8, 0, 0, 0, 0.8, 44.6681, 53.221, -87.2511)

[node name="TimeCrystal27" parent="Crystals" instance=ExtResource("5_5v1tr")]
transform = Transform3D(0.8, 0, 0, 0, 0.8, 0, 0, 0, 0.8, 45.5854, 53.221, -86.5238)

[node name="TimeCrystal28" parent="Crystals" instance=ExtResource("5_5v1tr")]
transform = Transform3D(0.8, 0, 0, 0, 0.8, 0, 0, 0, 0.8, 40.9277, 51.4723, -88.0976)

[node name="TimeCrystal30" parent="Crystals" instance=ExtResource("5_5v1tr")]
transform = Transform3D(1, -4.85526e-08, 2.42075e-08, 4.85526e-08, 1, -4.25748e-08, -2.42075e-08, 4.25748e-08, 1, -26.0594, 128.342, -9.24489)

[node name="TimeCrystal31" parent="Crystals" instance=ExtResource("5_5v1tr")]
transform = Transform3D(1, -4.85526e-08, 2.42075e-08, 4.85526e-08, 1, -4.25748e-08, -2.42075e-08, 4.25748e-08, 1, -26.0594, 122.803, -10.7694)

[node name="TimeCrystal32" parent="Crystals" instance=ExtResource("5_5v1tr")]
transform = Transform3D(1, -4.85526e-08, 2.42075e-08, 4.85526e-08, 1, -4.25748e-08, -2.42075e-08, 4.25748e-08, 1, -26.0594, 118.277, -14.3805)

[node name="TimeCrystal33" parent="Crystals" instance=ExtResource("5_5v1tr")]
transform = Transform3D(-1, 4.85526e-08, -1.50996e-07, 4.85526e-08, 1, -4.25748e-08, 1.50996e-07, -4.25748e-08, -1, -26.0594, 128.342, -35.8385)

[node name="TimeCrystal34" parent="Crystals" instance=ExtResource("5_5v1tr")]
transform = Transform3D(-1, 4.85526e-08, -1.50996e-07, 4.85526e-08, 1, -4.25748e-08, 1.50996e-07, -4.25748e-08, -1, -26.0594, 122.803, -34.3958)

[node name="TimeCrystal35" parent="Crystals" instance=ExtResource("5_5v1tr")]
transform = Transform3D(-1, 4.85526e-08, -1.50996e-07, 4.85526e-08, 1, -4.25748e-08, 1.50996e-07, -4.25748e-08, -1, -26.0594, 118.277, -30.7143)

[node name="TimeCrystal36" parent="Crystals" instance=ExtResource("5_5v1tr")]
transform = Transform3D(-0.111226, -4.17721e-08, -0.993795, 4.82814e-08, 1, -4.74366e-08, 0.993795, -5.3258e-08, -0.111226, -38.9976, 128.413, -23.8812)

[node name="TimeCrystal37" parent="Crystals" instance=ExtResource("5_5v1tr")]
transform = Transform3D(-0.111226, -4.17721e-08, -0.993795, 4.82814e-08, 1, -4.74366e-08, 0.993795, -5.3258e-08, -0.111226, -37.5535, 122.803, -23.7156)

[node name="TimeCrystal38" parent="Crystals" instance=ExtResource("5_5v1tr")]
transform = Transform3D(-0.111226, -4.17721e-08, -0.993795, 4.82814e-08, 1, -4.74366e-08, 0.993795, -5.3258e-08, -0.111226, -34.4839, 118.277, -23.2585)

[node name="TimeCrystal39" parent="Crystals" instance=ExtResource("5_5v1tr")]
transform = Transform3D(0.111226, 3.20484e-08, 0.993795, 4.88239e-08, 1, -3.77129e-08, -0.993795, 5.27156e-08, 0.111226, -12.9076, 128.342, -21.1365)

[node name="TimeCrystal40" parent="Crystals" instance=ExtResource("5_5v1tr")]
transform = Transform3D(0.111226, 3.20484e-08, 0.993795, 4.88239e-08, 1, -3.77129e-08, -0.993795, 5.27156e-08, 0.111226, -14.5297, 122.768, -21.3021)

[node name="TimeCrystal46" parent="Crystals" instance=ExtResource("5_5v1tr")]
transform = Transform3D(-0.781368, 8.12178e-09, -0.62407, 4.82814e-08, 1, -4.74366e-08, 0.62407, -6.71965e-08, -0.781368, -33.3284, 122.803, -31.5023)

[node name="TimeCrystal47" parent="Crystals" instance=ExtResource("5_5v1tr")]
transform = Transform3D(0.781368, -1.46139e-08, 0.624071, 4.88239e-08, 1, -3.77129e-08, -0.624071, 5.99372e-08, 0.781368, -18.7547, 122.768, -13.5154)

[node name="TimeCrystal48" parent="Crystals" instance=ExtResource("5_5v1tr")]
transform = Transform3D(-0.62407, 6.71965e-08, 0.781368, 4.82814e-08, 1, -4.74366e-08, -0.781368, 8.12179e-09, -0.62407, -17.0481, 122.803, -29.7957)

[node name="TimeCrystal49" parent="Crystals" instance=ExtResource("5_5v1tr")]
transform = Transform3D(0.624071, -5.99372e-08, -0.781368, 4.88239e-08, 1, -3.77129e-08, 0.781368, -1.46139e-08, 0.624071, -35.035, 122.768, -15.222)

[node name="TimeCrystal41" parent="Crystals" instance=ExtResource("5_5v1tr")]
transform = Transform3D(0.111226, 3.20484e-08, 0.993795, 4.88239e-08, 1, -3.77129e-08, -0.993795, 5.27156e-08, 0.111226, -18.1508, 118.277, -21.7592)

[node name="TimeCrystal42" parent="Crystals" instance=ExtResource("5_5v1tr")]
transform = Transform3D(-0.781368, 8.12178e-09, -0.62407, 4.82814e-08, 1, -4.74366e-08, 0.62407, -6.71965e-08, -0.781368, -31.5619, 118.277, -28.8136)

[node name="TimeCrystal43" parent="Crystals" instance=ExtResource("5_5v1tr")]
transform = Transform3D(0.781368, -1.46139e-08, 0.624071, 4.88239e-08, 1, -3.77129e-08, -0.624071, 5.99372e-08, 0.781368, -21.0729, 118.277, -16.2042)

[node name="TimeCrystal44" parent="Crystals" instance=ExtResource("5_5v1tr")]
transform = Transform3D(-0.62407, 6.71965e-08, 0.781368, 4.82814e-08, 1, -4.74366e-08, -0.781368, 8.12179e-09, -0.62407, -20.0127, 118.277, -27.7534)

[node name="TimeCrystal45" parent="Crystals" instance=ExtResource("5_5v1tr")]
transform = Transform3D(0.624071, -5.99372e-08, -0.781368, 4.88239e-08, 1, -3.77129e-08, 0.781368, -1.46139e-08, 0.624071, -32.6221, 118.277, -17.2643)

[node name="TimeCrystal50" parent="Crystals" instance=ExtResource("5_5v1tr")]
transform = Transform3D(1.24814, -1.19874e-07, -1.56274, 9.76478e-08, 2, -7.54258e-08, 1.56274, -2.92278e-08, 1.24814, 30.8346, 136.446, -25.0316)

[node name="TimeCrystal51" parent="Crystals" instance=ExtResource("5_5v1tr")]
transform = Transform3D(1.24814, -1.19874e-07, -1.56274, 9.76478e-08, 2, -7.54258e-08, 1.56274, -2.92278e-08, 1.24814, 2.70376, 136.446, -25.0316)

[node name="TimeCrystal52" parent="Crystals" instance=ExtResource("5_5v1tr")]
transform = Transform3D(1.24814, -1.19874e-07, -1.56274, 9.76478e-08, 2, -7.54258e-08, 1.56274, -2.92278e-08, 1.24814, 37.2068, 143.052, -25.0316)

[node name="TimeCrystal53" parent="Crystals" instance=ExtResource("5_5v1tr")]
transform = Transform3D(1.24814, -1.19874e-07, -1.56274, 9.76478e-08, 2, -7.54258e-08, 1.56274, -2.92278e-08, 1.24814, -4.44552, 143.052, -25.0316)

[node name="TimeCrystal54" parent="Crystals" instance=ExtResource("5_5v1tr")]
transform = Transform3D(1.24814, -1.19874e-07, -1.56274, 9.76478e-08, 2, -7.54258e-08, 1.56274, -2.92278e-08, 1.24814, 41.0923, 150.356, -25.0316)

[node name="TimeCrystal55" parent="Crystals" instance=ExtResource("5_5v1tr")]
transform = Transform3D(1.24814, -1.19874e-07, -1.56274, 9.76478e-08, 2, -7.54258e-08, 1.56274, -2.92278e-08, 1.24814, -8.48642, 150.356, -25.0316)

[node name="TimeCrystal56" parent="Crystals" instance=ExtResource("5_5v1tr")]
transform = Transform3D(-1.56274, 2.92278e-08, -1.24814, 9.76478e-08, 2, -7.54258e-08, 1.24814, -1.19874e-07, -1.56274, 16.4843, 136.446, -10.6812)

[node name="TimeCrystal57" parent="Crystals" instance=ExtResource("5_5v1tr")]
transform = Transform3D(-1.56274, 2.92278e-08, -1.24814, 9.76478e-08, 2, -7.54258e-08, 1.24814, -1.19874e-07, -1.56274, 16.4843, 136.446, -38.8121)

[node name="TimeCrystal58" parent="Crystals" instance=ExtResource("5_5v1tr")]
transform = Transform3D(-1.56274, 2.92278e-08, -1.24814, 9.76478e-08, 2, -7.54258e-08, 1.24814, -1.19874e-07, -1.56274, 16.4843, 143.052, -4.30899)

[node name="TimeCrystal59" parent="Crystals" instance=ExtResource("5_5v1tr")]
transform = Transform3D(-1.56274, 2.92278e-08, -1.24814, 9.76478e-08, 2, -7.54258e-08, 1.24814, -1.19874e-07, -1.56274, 16.4843, 143.052, -45.9613)

[node name="TimeCrystal60" parent="Crystals" instance=ExtResource("5_5v1tr")]
transform = Transform3D(-1.56274, 2.92278e-08, -1.24814, 9.76478e-08, 2, -7.54258e-08, 1.24814, -1.19874e-07, -1.56274, 16.4843, 150.356, -0.42351)

[node name="TimeCrystal61" parent="Crystals" instance=ExtResource("5_5v1tr")]
transform = Transform3D(-1.56274, 2.92278e-08, -1.24814, 9.76478e-08, 2, -7.54258e-08, 1.24814, -1.19874e-07, -1.56274, 16.4843, 150.356, -50.0022)

[node name="TimeCrystal62" parent="Crystals" instance=ExtResource("5_5v1tr")]
transform = Transform3D(-0.222452, -6.40968e-08, -1.98759, 9.76478e-08, 2, -7.54258e-08, 1.98759, -1.05431e-07, -0.222452, 26.6315, 136.446, -14.8843)

[node name="TimeCrystal63" parent="Crystals" instance=ExtResource("5_5v1tr")]
transform = Transform3D(-0.222452, -6.40968e-08, -1.98759, 9.76478e-08, 2, -7.54258e-08, 1.98759, -1.05431e-07, -0.222452, 6.73997, 136.446, -34.7758)

[node name="TimeCrystal64" parent="Crystals" instance=ExtResource("5_5v1tr")]
transform = Transform3D(-0.222452, -6.40968e-08, -1.98759, 9.76478e-08, 2, -7.54258e-08, 1.98759, -1.05431e-07, -0.222452, 31.1373, 143.052, -10.3785)

[node name="TimeCrystal65" parent="Crystals" instance=ExtResource("5_5v1tr")]
transform = Transform3D(-0.222452, -6.40968e-08, -1.98759, 9.76478e-08, 2, -7.54258e-08, 1.98759, -1.05431e-07, -0.222452, 1.68467, 143.052, -39.8311)

[node name="TimeCrystal66" parent="Crystals" instance=ExtResource("5_5v1tr")]
transform = Transform3D(-0.222452, -6.40968e-08, -1.98759, 9.76478e-08, 2, -7.54258e-08, 1.98759, -1.05431e-07, -0.222452, 33.8848, 150.356, -7.63104)

[node name="TimeCrystal67" parent="Crystals" instance=ExtResource("5_5v1tr")]
transform = Transform3D(-0.222452, -6.40968e-08, -1.98759, 9.76478e-08, 2, -7.54258e-08, 1.98759, -1.05431e-07, -0.222452, -1.17267, 150.356, -42.6885)

[node name="TimeCrystal68" parent="Crystals" instance=ExtResource("5_5v1tr")]
transform = Transform3D(1.98759, -1.05431e-07, -0.222452, 9.76478e-08, 2, -7.54258e-08, 0.222452, 6.40968e-08, 1.98759, 26.6315, 136.446, -35.1788)

[node name="TimeCrystal69" parent="Crystals" instance=ExtResource("5_5v1tr")]
transform = Transform3D(1.98759, -1.05431e-07, -0.222452, 9.76478e-08, 2, -7.54258e-08, 0.222452, 6.40968e-08, 1.98759, 6.73997, 136.446, -15.2873)

[node name="TimeCrystal70" parent="Crystals" instance=ExtResource("5_5v1tr")]
transform = Transform3D(1.98759, -1.05431e-07, -0.222452, 9.76478e-08, 2, -7.54258e-08, 0.222452, 6.40968e-08, 1.98759, 31.1373, 143.052, -39.6846)

[node name="TimeCrystal71" parent="Crystals" instance=ExtResource("5_5v1tr")]
transform = Transform3D(1.98759, -1.05431e-07, -0.222452, 9.76478e-08, 2, -7.54258e-08, 0.222452, 6.40968e-08, 1.98759, 1.68467, 143.052, -10.232)

[node name="TimeCrystal72" parent="Crystals" instance=ExtResource("5_5v1tr")]
transform = Transform3D(1.98759, -1.05431e-07, -0.222452, 9.76478e-08, 2, -7.54258e-08, 0.222452, 6.40968e-08, 1.98759, 33.8848, 150.356, -42.4321)

[node name="TimeCrystal25" parent="Crystals" instance=ExtResource("5_5v1tr")]
transform = Transform3D(0.8, 0, 0, 0, 0.8, 0, 0, 0, 0.8, -17.5382, 42.2251, 26.7451)

[node name="TimeCrystal74" parent="Crystals" instance=ExtResource("5_5v1tr")]
transform = Transform3D(0.8, 0, 0, 0, 0.8, 0, 0, 0, 0.8, -17.5382, 42.2251, 28.7008)

[node name="TimeCrystal75" parent="Crystals" instance=ExtResource("5_5v1tr")]
transform = Transform3D(0.8, 0, 0, 0, 0.8, 0, 0, 0, 0.8, -17.5382, 42.2251, 30.5769)

[node name="TimeCrystal76" parent="Crystals" instance=ExtResource("5_5v1tr")]
transform = Transform3D(0.8, 0, 0, 0, 0.8, 0, 0, 0, 0.8, -15.6655, 42.2251, 26.7451)

[node name="TimeCrystal77" parent="Crystals" instance=ExtResource("5_5v1tr")]
transform = Transform3D(0.8, 0, 0, 0, 0.8, 0, 0, 0, 0.8, -15.6655, 42.2251, 28.7008)

[node name="TimeCrystal78" parent="Crystals" instance=ExtResource("5_5v1tr")]
transform = Transform3D(0.8, 0, 0, 0, 0.8, 0, 0, 0, 0.8, -15.6655, 42.2251, 30.5769)

[node name="TimeCrystal79" parent="Crystals" instance=ExtResource("5_5v1tr")]
transform = Transform3D(0.8, 0, 0, 0, 0.8, 0, 0, 0, 0.8, -13.7928, 42.2251, 26.7451)

[node name="TimeCrystal80" parent="Crystals" instance=ExtResource("5_5v1tr")]
transform = Transform3D(0.8, 0, 0, 0, 0.8, 0, 0, 0, 0.8, -13.7928, 42.2251, 28.7008)

[node name="TimeCrystal81" parent="Crystals" instance=ExtResource("5_5v1tr")]
transform = Transform3D(0.8, 0, 0, 0, 0.8, 0, 0, 0, 0.8, -13.7928, 42.2251, 30.5769)

[node name="TimeCrystal82" parent="Crystals" instance=ExtResource("5_5v1tr")]
transform = Transform3D(0.8, 0, 0, 0, 0.8, 0, 0, 0, 0.8, 14.2143, 42.2251, 31.7825)

[node name="TimeCrystal85" parent="Crystals" instance=ExtResource("5_5v1tr")]
transform = Transform3D(0.8, 0, 0, 0, 0.8, 0, 0, 0, 0.8, 15.1014, 42.2251, 31.7825)

[node name="TimeCrystal86" parent="Crystals" instance=ExtResource("5_5v1tr")]
transform = Transform3D(0.8, 0, 0, 0, 0.8, 0, 0, 0, 0.8, 13.2717, 42.2251, 31.7825)

[node name="TimeCrystal84" parent="Crystals" instance=ExtResource("5_5v1tr")]
transform = Transform3D(0.8, 0, 0, 0, 0.8, 0, 0, 0, 0.8, 14.2143, 42.2251, 32.8309)

[node name="TimeCrystal83" parent="Crystals" instance=ExtResource("5_5v1tr")]
transform = Transform3D(0.8, 0, 0, 0, 0.8, 0, 0, 0, 0.8, 14.2143, 42.2251, 30.7628)

[node name="TimeCrystal87" parent="Crystals" instance=ExtResource("5_5v1tr")]
transform = Transform3D(2, 0, 0, 0, 2, 0, 0, 0, 2, -44.7539, 127.039, -110.189)

[node name="TimeCrystal92" parent="Crystals" instance=ExtResource("5_5v1tr")]
transform = Transform3D(1, 0, 0, 0, 1, 0, 0, 0, 1, 77.3366, 121.554, 110.152)

[node name="TimeCrystal93" parent="Crystals" instance=ExtResource("5_5v1tr")]
transform = Transform3D(1, 0, 0, 0, 1, 0, 0, 0, 1, 77.3366, 121.329, 103.005)

[node name="TimeCrystal94" parent="Crystals" instance=ExtResource("5_5v1tr")]
transform = Transform3D(1, 0, 0, 0, 1, 0, 0, 0, 1, 77.3366, 121.285, 95.6324)

[node name="TimeCrystal95" parent="Crystals" instance=ExtResource("5_5v1tr")]
transform = Transform3D(1, 0, 0, 0, 1, 0, 0, 0, 1, 77.3366, 120.344, 87.4701)

[node name="TimeCrystal88" parent="Crystals" instance=ExtResource("5_5v1tr")]
transform = Transform3D(2, 0, 0, 0, 2, 0, 0, 0, 2, -44.7539, 126.928, -107.835)

[node name="TimeCrystal89" parent="Crystals" instance=ExtResource("5_5v1tr")]
transform = Transform3D(2, 0, 0, 0, 2, 0, 0, 0, 2, -44.7539, 126.606, -105.216)

[node name="TimeCrystal90" parent="Crystals" instance=ExtResource("5_5v1tr")]
transform = Transform3D(2, 0, 0, 0, 2, 0, 0, 0, 2, -44.7539, 125.796, -102.518)

[node name="TimeCrystal97" parent="Crystals" instance=ExtResource("5_5v1tr")]
transform = Transform3D(-0.5, 0.75, -0.433013, 0, 0.5, 0.866025, 0.866025, 0.433013, -0.25, 75.5363, 121.791, 116.621)

[node name="TimeCrystal98" parent="Crystals" instance=ExtResource("5_5v1tr")]
transform = Transform3D(-0.5, 0.75, -0.433013, 0, 0.5, 0.866025, 0.866025, 0.433013, -0.25, 73.2863, 120.711, 115.322)

[node name="TimeCrystal99" parent="Crystals" instance=ExtResource("5_5v1tr")]
transform = Transform3D(-0.5, 0.75, -0.433013, 0, 0.5, 0.866025, 0.866025, 0.433013, -0.25, 70.8863, 119.637, 113.936)

[node name="TimeCrystal91" parent="Crystals" instance=ExtResource("5_5v1tr")]
transform = Transform3D(2, 0, 0, 0, 2, 0, 0, 0, 2, -44.7538, 124.735, -99.4566)

[node name="TimeCrystal96" parent="Crystals" instance=ExtResource("5_5v1tr")]
transform = Transform3D(2, 0, 0, 0, 2, 0, 0, 0, 2, 34.4422, 52.528, -15.3678)

[node name="TimeCrystal100" parent="Crystals" instance=ExtResource("5_5v1tr")]
transform = Transform3D(2, 0, 0, 0, 2, 0, 0, 0, 2, 46.4422, 52.528, -15.3678)

[node name="TimeCrystal101" parent="Crystals" instance=ExtResource("5_5v1tr")]
transform = Transform3D(-8.74228e-08, 0, -2, 0, 2, 0, 2, 0, -8.74228e-08, 40.4422, 52.528, -21.3678)

[node name="TimeCrystal116" parent="Crystals" instance=ExtResource("5_5v1tr")]
transform = Transform3D(-0.5, 0, -0.866025, 0, 1, 0, 0.866025, 0, -0.5, 32.2493, 51.2238, -26.7849)

[node name="TimeCrystal117" parent="Crystals" instance=ExtResource("5_5v1tr")]
transform = Transform3D(-0.5, 0, -0.866025, 0, 1, 0, 0.866025, 0, -0.5, 29.7444, 51.2428, -21.5989)

[node name="TimeCrystal118" parent="Crystals" instance=ExtResource("5_5v1tr")]
transform = Transform3D(-0.5, 0, -0.866025, 0, 1, 0, 0.866025, 0, -0.5, 24.2493, 51.2238, -10.7849)

[node name="TimeCrystal119" parent="Crystals" instance=ExtResource("5_5v1tr")]
transform = Transform3D(-0.5, 0, -0.866025, 0, 1, 0, 0.866025, 0, -0.5, 21.7491, 51.2238, -5.71154)

[node name="TimeCrystal120" parent="Crystals" instance=ExtResource("5_5v1tr")]
transform = Transform3D(-0.5, 0, -0.866025, 0, 1, 0, 0.866025, 0, -0.5, 18.7491, 55.2238, -0.711541)

[node name="TimeCrystal121" parent="Crystals" instance=ExtResource("5_5v1tr")]
transform = Transform3D(-0.5, 0, -0.866025, 0, 1, 0, 0.866025, 0, -0.5, 2.63925, 56.9272, -5.61123)

[node name="TimeCrystal122" parent="Crystals" instance=ExtResource("5_5v1tr")]
transform = Transform3D(-0.3, 0, -0.519615, 0, 0.6, 0, 0.519615, 0, -0.3, 5.49938, 55.3495, -3.35301)

[node name="TimeCrystal123" parent="Crystals" instance=ExtResource("5_5v1tr")]
transform = Transform3D(-0.3, 0, -0.519615, 0, 0.6, 0, 0.519615, 0, -0.3, 14.1486, 55.3495, -0.339441)

[node name="TimeCrystal103" parent="Crystals" instance=ExtResource("5_5v1tr")]
transform = Transform3D(-8.74228e-08, 0, -2, 0, 2, 0, 2, 0, -8.74228e-08, 51.4422, 62.528, 1.63215)

[node name="TimeCrystal104" parent="Crystals" instance=ExtResource("5_5v1tr")]
transform = Transform3D(-8.74228e-08, 0, -2, 0, 2, 0, 2, 0, -8.74228e-08, 39.4422, 73.528, 11.6322)

[node name="TimeCrystal105" parent="Crystals" instance=ExtResource("5_5v1tr")]
transform = Transform3D(-8.74228e-08, 0, -2, 0, 2, 0, 2, 0, -8.74228e-08, 44.4422, 73.528, 11.6322)

[node name="TimeCrystal106" parent="Crystals" instance=ExtResource("5_5v1tr")]
transform = Transform3D(-8.74228e-08, 0, -2, 0, 2, 0, 2, 0, -8.74228e-08, 34.4422, 73.528, 11.6322)

[node name="TimeCrystal107" parent="Crystals" instance=ExtResource("5_5v1tr")]
transform = Transform3D(-8.74228e-08, 0, -2, 0, 2, 0, 2, 0, -8.74228e-08, 37.4422, 92.528, 30.2321)

[node name="TimeCrystal108" parent="Crystals" instance=ExtResource("5_5v1tr")]
transform = Transform3D(-8.74228e-08, 0, -2, 0, 2, 0, 2, 0, -8.74228e-08, 30.4422, 92.528, 30.2321)

[node name="TimeCrystal109" parent="Crystals" instance=ExtResource("5_5v1tr")]
transform = Transform3D(-8.74228e-08, 0, -2, 0, 2, 0, 2, 0, -8.74228e-08, 57.4422, 86.528, 36.2321)

[node name="TimeCrystal110" parent="Crystals" instance=ExtResource("5_5v1tr")]
transform = Transform3D(-8.74228e-08, 0, -2, 0, 2, 0, 2, 0, -8.74228e-08, 50.4422, 80.528, 36.2321)

[node name="TimeCrystal111" parent="Crystals" instance=ExtResource("5_5v1tr")]
transform = Transform3D(-8.74228e-08, 0, -2, 0, 2, 0, 2, 0, -8.74228e-08, 64.4422, 80.528, 36.2321)

[node name="TimeCrystal112" parent="Crystals" instance=ExtResource("5_5v1tr")]
transform = Transform3D(-8.74228e-08, 0, -2, 0, 2, 0, 2, 0, -8.74228e-08, 71.4422, 74.528, 36.2321)

[node name="TimeCrystal113" parent="Crystals" instance=ExtResource("5_5v1tr")]
transform = Transform3D(-8.74228e-08, 0, -2, 0, 2, 0, 2, 0, -8.74228e-08, 42.4422, 74.528, 36.2321)

[node name="TimeCrystal114" parent="Crystals" instance=ExtResource("5_5v1tr")]
transform = Transform3D(-8.74228e-08, 0, -2, 0, 2, 0, 2, 0, -8.74228e-08, 57.4422, 74.528, 22.2321)

[node name="TimeCrystal115" parent="Crystals" instance=ExtResource("5_5v1tr")]
transform = Transform3D(-8.74228e-08, 0, -2, 0, 2, 0, 2, 0, -8.74228e-08, 57.4422, 74.528, 50.2321)

[node name="TimeCrystal102" parent="Crystals" instance=ExtResource("5_5v1tr")]
transform = Transform3D(-8.74228e-08, 0, -2, 0, 2, 0, 2, 0, -8.74228e-08, 40.4422, 52.528, -9.36785)

[node name="TimeCrystal24" parent="Crystals" instance=ExtResource("5_5v1tr")]
transform = Transform3D(1, 1.7763e-15, 0, 0, 1, 0, 1.77636e-14, 1.08706e-21, 1, 23.8413, 85.7253, -17.7445)

[node name="TimeCrystal73" parent="Crystals" instance=ExtResource("5_5v1tr")]
transform = Transform3D(1, 1.7763e-15, 0, 0, 1, 0, 1.77636e-14, 1.08706e-21, 1, 28.2026, 75.0714, -30.0534)

[node name="TimeCrystal129" parent="Crystals" instance=ExtResource("5_5v1tr")]
transform = Transform3D(1, 1.7763e-15, 0, 0, 1, 0, 1.77636e-14, 1.08706e-21, 1, 23.9967, 75.0714, -37.6961)

[node name="TimeCrystal124" parent="Crystals" instance=ExtResource("5_5v1tr")]
transform = Transform3D(1, 1.77628e-15, 0, 0, 1, 0, 1.77636e-14, 1.00942e-21, 1, 23.1252, 85.7253, -12.1879)

[node name="TimeCrystal125" parent="Crystals" instance=ExtResource("5_5v1tr")]
transform = Transform3D(1, 1.77628e-15, 0, 0, 1, 0, 1.77636e-14, 1.00942e-21, 1, 23.7984, 85.7253, 4.80482)

[node name="TimeCrystal126" parent="Crystals" instance=ExtResource("5_5v1tr")]
transform = Transform3D(1, 3.55261e-15, 0, 0, 1, 0, 1.77636e-14, 1.00942e-21, 1, 22.9024, 85.7253, -1.83383)

[node name="TimeCrystal127" parent="Crystals" instance=ExtResource("5_5v1tr")]
transform = Transform3D(1, 3.55261e-15, 0, 0, 1, 0, 1.77636e-14, 1.00942e-21, 1, 23.588, 85.7253, -14.721)

[node name="TimeCrystal128" parent="Crystals" instance=ExtResource("5_5v1tr")]
transform = Transform3D(1, 3.55258e-15, 0, 0, 1, 0, 1.77636e-14, 9.3177e-22, 1, 23.0018, 85.7253, -9.61049)

[node name="AudioStreamPlayer" type="AudioStreamPlayer" parent="."]
volume_db = -10.0

[connection signal="body_entered" from="Drop_KillZone" to="Drop_KillZone" method="_on_body_entered"]
