[gd_scene load_steps=8 format=3 uid="uid://drslnmwg3sumf"]

[ext_resource type="Script" uid="uid://cfinh2lxfg31r" path="res://Scripts/world.gd" id="1_fo5ed"]
[ext_resource type="PackedScene" uid="uid://dp7qio86hk64j" path="res://Meshes/pyra_world.fbx" id="2_5ukr8"]
[ext_resource type="PackedScene" uid="uid://bb28plwvmfby2" path="res://Level/Level.tscn" id="3_o06y3"]
[ext_resource type="Script" uid="uid://p3txqf0mjxo3" path="res://Scripts/drop_kill_zone.gd" id="4_k7acu"]
[ext_resource type="PackedScene" uid="uid://c1ft78rr6ksxt" path="res://Scenes/time_crystal.tscn" id="5_5v1tr"]

[sub_resource type="Environment" id="Environment_ig7tw"]
background_mode = 1
background_color = Color(0.573216, 0.662119, 0.842046, 1)
background_energy_multiplier = 0.3
tonemap_mode = 2
tonemap_white = 1.2
glow_enabled = true
fog_enabled = true
fog_light_color = Color(0.512, 0.39, 1, 1)
fog_sun_scatter = 0.39

[sub_resource type="WorldBoundaryShape3D" id="WorldBoundaryShape3D_1bvp3"]

[node name="World" type="Node3D"]
script = ExtResource("1_fo5ed")

[node name="WorldEnvironment" type="WorldEnvironment" parent="."]
environment = SubResource("Environment_ig7tw")

[node name="DirectionalLight3D" type="DirectionalLight3D" parent="."]
transform = Transform3D(1, 0, 0, 0, -4.37114e-08, 1, 0, -1, -4.37114e-08, 0, 10.4477, 12.4516)
light_energy = 0.3
light_indirect_energy = 0.4
shadow_enabled = true
shadow_opacity = 0.74

[node name="PyraWorld" parent="." instance=ExtResource("2_5ukr8")]
transform = Transform3D(-1.95039e-08, 3.91188e-08, 1, 0.894934, 0.446198, 0, -0.446198, 0.894934, -4.37114e-08, 0, 0, 0)

[node name="Present" parent="PyraWorld" node_paths=PackedStringArray("past", "present", "future") instance=ExtResource("3_o06y3")]
transform = Transform3D(0.446198, 0.894934, 0, -0.894934, 0.446198, 0, 3.55271e-15, 1.18852e-16, 1, 71.3547, 12.1426, 2.84217e-13)
past = NodePath("../Past")
present = NodePath(".")
future = NodePath("../Future")

[node name="Past" parent="PyraWorld" node_paths=PackedStringArray("past", "present", "future") instance=ExtResource("3_o06y3")]
transform = Transform3D(0, -4.47035e-08, 1, -0.894934, 0.446197, 0, -0.446197, -0.894934, -4.37114e-08, 0, 12.143, -71.355)
past = NodePath(".")
present = NodePath("../Present")
future = NodePath("../Future")
selected_level = 0

[node name="Future" parent="PyraWorld" node_paths=PackedStringArray("past", "present", "future") instance=ExtResource("3_o06y3")]
transform = Transform3D(2.98023e-08, -4.47035e-08, -1, -0.894934, 0.446197, 0, 0.446197, 0.894934, -4.37114e-08, 0, 12.143, 71.355)
past = NodePath("../Past")
present = NodePath("../Present")
future = NodePath(".")
selected_level = 2

[node name="Drop_KillZone" type="Area3D" parent="."]
transform = Transform3D(1, 0, 0, 0, 1, 0, 0, 0, 1, 0, 29.7566, 0)
script = ExtResource("4_k7acu")

[node name="CollisionShape3D" type="CollisionShape3D" parent="Drop_KillZone"]
shape = SubResource("WorldBoundaryShape3D_1bvp3")
debug_color = Color(0.970763, 0, 0.452533, 0.42)

[node name="Crystals" type="Node3D" parent="."]

[node name="TimeCrystal" parent="Crystals" groups=["present"] instance=ExtResource("5_5v1tr")]
transform = Transform3D(-1, 0, -8.74228e-08, 0, 1, 0, 8.74228e-08, 0, -1, -47.941, 44.8241, -97.3597)

[node name="TimeCrystal3" parent="Crystals" groups=["present"] instance=ExtResource("5_5v1tr")]
transform = Transform3D(-1, 0, -8.74228e-08, 0, 1, 0, 8.74228e-08, 0, -1, -47.941, 44.8241, -93.7646)

[node name="TimeCrystal4" parent="Crystals" groups=["present"] instance=ExtResource("5_5v1tr")]
transform = Transform3D(-1, 0, -8.74228e-08, 0, 1, 0, 8.74228e-08, 0, -1, -44.587, 47.5956, -90.6249)

[node name="TimeCrystal5" parent="Crystals" groups=["present"] instance=ExtResource("5_5v1tr")]
transform = Transform3D(-1, 0, -8.74228e-08, 0, 1, 0, 8.74228e-08, 0, -1, -44.587, 47.5956, -100.586)

[node name="TimeCrystal6" parent="Crystals" groups=["present"] instance=ExtResource("5_5v1tr")]
transform = Transform3D(-1, 0, -8.74228e-08, 0, 1, 0, 8.74228e-08, 0, -1, -51.7001, 47.5956, -90.6249)

[node name="TimeCrystal7" parent="Crystals" groups=["present"] instance=ExtResource("5_5v1tr")]
transform = Transform3D(-1, 0, -8.74228e-08, 0, 1, 0, 8.74228e-08, 0, -1, -51.7001, 47.5956, -100.586)

[node name="TimeCrystal8" parent="Crystals" groups=["present"] instance=ExtResource("5_5v1tr")]
transform = Transform3D(-1, 0, -8.74228e-08, 0, 1, 0, 8.74228e-08, 0, -1, -31.5862, 45.1474, -103.401)

[node name="TimeCrystal9" parent="Crystals" groups=["present"] instance=ExtResource("5_5v1tr")]
transform = Transform3D(-1, 0, -8.74228e-08, 0, 1, 0, 8.74228e-08, 0, -1, -31.2613, 48.5164, -93.044)

[node name="TimeCrystal10" parent="Crystals" groups=["present"] instance=ExtResource("5_5v1tr")]
transform = Transform3D(-1, 0, -8.74228e-08, 0, 1, 0, 8.74228e-08, 0, -1, -37.258, 49.2966, -80.3735)

[node name="TimeCrystal11" parent="Crystals" groups=["present"] instance=ExtResource("5_5v1tr")]
transform = Transform3D(-1, 0, -8.74228e-08, 0, 1, 0, 8.74228e-08, 0, -1, -50.7427, 50.3737, -79.6553)

[node name="TimeCrystal13" parent="Crystals" groups=["present"] instance=ExtResource("5_5v1tr")]
transform = Transform3D(-1, 0, -8.74228e-08, 0, 1, 0, 8.74228e-08, 0, -1, -62.3292, 52.2811, -88.5082)

[node name="TimeCrystal14" parent="Crystals" groups=["present"] instance=ExtResource("5_5v1tr")]
transform = Transform3D(-1, 0, -8.74228e-08, 0, 1, 0, 8.74228e-08, 0, -1, -62.2038, 55.0758, -99.7278)

[node name="TimeCrystal15" parent="Crystals" groups=["present"] instance=ExtResource("5_5v1tr")]
transform = Transform3D(-1, 0, -8.74228e-08, 0, 1, 0, 8.74228e-08, 0, -1, -44.7401, 61.0058, -101.622)

[node name="TimeCrystal16" parent="Crystals" groups=["present"] instance=ExtResource("5_5v1tr")]
transform = Transform3D(-1, 0, -8.74228e-08, 0, 1, 0, 8.74228e-08, 0, -1, -40.5145, 61.0058, -102.645)

[node name="TimeCrystal17" parent="Crystals" groups=["present"] instance=ExtResource("5_5v1tr")]
transform = Transform3D(-1, 0, -8.74228e-08, 0, 1, 0, 8.74228e-08, 0, -1, -41.6346, 61.0058, -99.6645)

[node name="TimeCrystal12" parent="Crystals" groups=["present"] instance=ExtResource("5_5v1tr")]
transform = Transform3D(-1, 0, -8.74228e-08, 0, 1, 0, 8.74228e-08, 0, -1, -54.7167, 50.3737, -77.0011)

[node name="TimeCrystal2" parent="Crystals" instance=ExtResource("5_5v1tr")]
transform = Transform3D(0.8, 0, 0, 0, 0.8, 0, 0, 0, 0.8, -0.339142, 42.3038, -98.5329)

[node name="TimeCrystal18" parent="Crystals" instance=ExtResource("5_5v1tr")]
transform = Transform3D(0.8, 0, 0, 0, 0.8, 0, 0, 0, 0.8, -0.339142, 42.3038, -107.958)

[node name="TimeCrystal21" parent="Crystals" instance=ExtResource("5_5v1tr")]
transform = Transform3D(0.8, 0, 0, 0, 0.8, 0, 0, 0, 0.8, -0.339142, 42.3038, -87.6334)

[node name="TimeCrystal19" parent="Crystals" instance=ExtResource("5_5v1tr")]
transform = Transform3D(0.8, 0, 0, 0, 0.8, 0, 0, 0, 0.8, 8.36304, 42.3038, -103.99)

[node name="TimeCrystal20" parent="Crystals" instance=ExtResource("5_5v1tr")]
transform = Transform3D(0.8, 0, 0, 0, 0.8, 0, 0, 0, 0.8, 8.36304, 42.3038, -93.6908)

[node name="TimeCrystal22" parent="Crystals" instance=ExtResource("5_5v1tr")]
transform = Transform3D(0.8, 0, 0, 0, 0.8, 0, 0, 0, 0.8, -9.33945, 42.3038, -103.99)

[node name="TimeCrystal23" parent="Crystals" instance=ExtResource("5_5v1tr")]
transform = Transform3D(0.8, 0, 0, 0, 0.8, 0, 0, 0, 0.8, -9.33945, 42.3038, -93.6908)

[node name="TimeCrystal24" parent="Crystals" instance=ExtResource("5_5v1tr")]
transform = Transform3D(1, 0, 0, 0, 1, 0, 0, 0, 1, 56.5233, 54.4223, -85.0854)

[node name="TimeCrystal25" parent="Crystals" instance=ExtResource("5_5v1tr")]
transform = Transform3D(1, 0, 0, 0, 1, 0, 0, 0, 1, 54.9235, 54.4223, -84.1849)

[node name="TimeCrystal29" parent="Crystals" instance=ExtResource("5_5v1tr")]
transform = Transform3D(1, 0, 0, 0, 1, 0, 0, 0, 1, 52.709, 52.3605, -79.2798)

[node name="TimeCrystal26" parent="Crystals" instance=ExtResource("5_5v1tr")]
transform = Transform3D(0.8, 0, 0, 0, 0.8, 0, 0, 0, 0.8, 44.6681, 53.221, -87.2511)

[node name="TimeCrystal27" parent="Crystals" instance=ExtResource("5_5v1tr")]
transform = Transform3D(0.8, 0, 0, 0, 0.8, 0, 0, 0, 0.8, 45.5854, 53.221, -86.5238)

[node name="TimeCrystal28" parent="Crystals" instance=ExtResource("5_5v1tr")]
transform = Transform3D(0.8, 0, 0, 0, 0.8, 0, 0, 0, 0.8, 40.9277, 51.4723, -88.0976)

[node name="TimeCrystal30" parent="Crystals" instance=ExtResource("5_5v1tr")]
transform = Transform3D(1, -4.85526e-08, 2.42075e-08, 4.85526e-08, 1, -4.25748e-08, -2.42075e-08, 4.25748e-08, 1, -26.0594, 100.914, -9.24489)

[node name="TimeCrystal31" parent="Crystals" instance=ExtResource("5_5v1tr")]
transform = Transform3D(1, -4.85526e-08, 2.42075e-08, 4.85526e-08, 1, -4.25748e-08, -2.42075e-08, 4.25748e-08, 1, -26.0594, 95.3749, -10.7694)

[node name="TimeCrystal32" parent="Crystals" instance=ExtResource("5_5v1tr")]
transform = Transform3D(1, -4.85526e-08, 2.42075e-08, 4.85526e-08, 1, -4.25748e-08, -2.42075e-08, 4.25748e-08, 1, -26.0594, 90.8485, -14.3805)

[node name="TimeCrystal33" parent="Crystals" instance=ExtResource("5_5v1tr")]
transform = Transform3D(-1, 4.85526e-08, -1.50996e-07, 4.85526e-08, 1, -4.25748e-08, 1.50996e-07, -4.25748e-08, -1, -26.0594, 100.914, -35.8385)

[node name="TimeCrystal34" parent="Crystals" instance=ExtResource("5_5v1tr")]
transform = Transform3D(-1, 4.85526e-08, -1.50996e-07, 4.85526e-08, 1, -4.25748e-08, 1.50996e-07, -4.25748e-08, -1, -26.0594, 95.3749, -34.3958)

[node name="TimeCrystal35" parent="Crystals" instance=ExtResource("5_5v1tr")]
transform = Transform3D(-1, 4.85526e-08, -1.50996e-07, 4.85526e-08, 1, -4.25748e-08, 1.50996e-07, -4.25748e-08, -1, -26.0594, 90.8485, -30.7143)

[node name="TimeCrystal36" parent="Crystals" instance=ExtResource("5_5v1tr")]
transform = Transform3D(-0.111226, -4.17721e-08, -0.993795, 4.82814e-08, 1, -4.74366e-08, 0.993795, -5.3258e-08, -0.111226, -38.9976, 100.985, -23.8812)

[node name="TimeCrystal37" parent="Crystals" instance=ExtResource("5_5v1tr")]
transform = Transform3D(-0.111226, -4.17721e-08, -0.993795, 4.82814e-08, 1, -4.74366e-08, 0.993795, -5.3258e-08, -0.111226, -37.5535, 95.3749, -23.7156)

[node name="TimeCrystal38" parent="Crystals" instance=ExtResource("5_5v1tr")]
transform = Transform3D(-0.111226, -4.17721e-08, -0.993795, 4.82814e-08, 1, -4.74366e-08, 0.993795, -5.3258e-08, -0.111226, -34.4839, 90.8485, -23.2585)

[node name="TimeCrystal39" parent="Crystals" instance=ExtResource("5_5v1tr")]
transform = Transform3D(0.111226, 3.20484e-08, 0.993795, 4.88239e-08, 1, -3.77129e-08, -0.993795, 5.27156e-08, 0.111226, -12.9076, 100.914, -21.1365)

[node name="TimeCrystal40" parent="Crystals" instance=ExtResource("5_5v1tr")]
transform = Transform3D(0.111226, 3.20484e-08, 0.993795, 4.88239e-08, 1, -3.77129e-08, -0.993795, 5.27156e-08, 0.111226, -14.5297, 95.3393, -21.3021)

[node name="TimeCrystal46" parent="Crystals" instance=ExtResource("5_5v1tr")]
transform = Transform3D(-0.781368, 8.12178e-09, -0.62407, 4.82814e-08, 1, -4.74366e-08, 0.62407, -6.71965e-08, -0.781368, -33.3284, 95.3749, -31.5023)

[node name="TimeCrystal47" parent="Crystals" instance=ExtResource("5_5v1tr")]
transform = Transform3D(0.781368, -1.46139e-08, 0.624071, 4.88239e-08, 1, -3.77129e-08, -0.624071, 5.99372e-08, 0.781368, -18.7547, 95.3393, -13.5154)

[node name="TimeCrystal48" parent="Crystals" instance=ExtResource("5_5v1tr")]
transform = Transform3D(-0.62407, 6.71965e-08, 0.781368, 4.82814e-08, 1, -4.74366e-08, -0.781368, 8.12179e-09, -0.62407, -17.0481, 95.3749, -29.7957)

[node name="TimeCrystal49" parent="Crystals" instance=ExtResource("5_5v1tr")]
transform = Transform3D(0.624071, -5.99372e-08, -0.781368, 4.88239e-08, 1, -3.77129e-08, 0.781368, -1.46139e-08, 0.624071, -35.035, 95.3393, -15.222)

[node name="TimeCrystal41" parent="Crystals" instance=ExtResource("5_5v1tr")]
transform = Transform3D(0.111226, 3.20484e-08, 0.993795, 4.88239e-08, 1, -3.77129e-08, -0.993795, 5.27156e-08, 0.111226, -18.1508, 90.8485, -21.7592)

[node name="TimeCrystal42" parent="Crystals" instance=ExtResource("5_5v1tr")]
transform = Transform3D(-0.781368, 8.12178e-09, -0.62407, 4.82814e-08, 1, -4.74366e-08, 0.62407, -6.71965e-08, -0.781368, -31.5619, 90.8485, -28.8136)

[node name="TimeCrystal43" parent="Crystals" instance=ExtResource("5_5v1tr")]
transform = Transform3D(0.781368, -1.46139e-08, 0.624071, 4.88239e-08, 1, -3.77129e-08, -0.624071, 5.99372e-08, 0.781368, -21.0729, 90.8485, -16.2042)

[node name="TimeCrystal44" parent="Crystals" instance=ExtResource("5_5v1tr")]
transform = Transform3D(-0.62407, 6.71965e-08, 0.781368, 4.82814e-08, 1, -4.74366e-08, -0.781368, 8.12179e-09, -0.62407, -20.0127, 90.8485, -27.7534)

[node name="TimeCrystal45" parent="Crystals" instance=ExtResource("5_5v1tr")]
transform = Transform3D(0.624071, -5.99372e-08, -0.781368, 4.88239e-08, 1, -3.77129e-08, 0.781368, -1.46139e-08, 0.624071, -32.6221, 90.8485, -17.2643)

[connection signal="body_entered" from="Drop_KillZone" to="Drop_KillZone" method="_on_body_entered"]
