[gd_scene load_steps=6 format=3 uid="uid://c4emg8m1hqsra"]

[ext_resource type="PackedScene" uid="uid://c5s56xjarcoai" path="res://cage_bar.tscn" id="1_p80af"]
[ext_resource type="Script" uid="uid://d3eleooqtq6go" path="res://cage.gd" id="1_x53gr"]

[sub_resource type="StandardMaterial3D" id="StandardMaterial3D_x53gr"]
metallic = 0.75
roughness = 0.41
emission_enabled = true
emission = Color(0.783998, 0, 0.130239, 1)
emission_energy_multiplier = 0.0

[sub_resource type="SphereMesh" id="SphereMesh_x53gr"]
material = SubResource("StandardMaterial3D_x53gr")

[sub_resource type="SphereShape3D" id="SphereShape3D_p80af"]
radius = 1.0

[node name="Cage" type="Node3D"]
script = ExtResource("1_x53gr")

[node name="Bars" type="Node3D" parent="."]

[node name="Bar" parent="Bars" instance=ExtResource("1_p80af")]
transform = Transform3D(1, -2.02639e-07, -1.4189e-07, -1.4189e-07, -0.939692, 0.34202, -2.02639e-07, -0.34202, -0.939692, 0, 0, 0)
sync_to_physics = false

[node name="Bar2" parent="Bars" instance=ExtResource("1_p80af")]
transform = Transform3D(0.707106, 0.241845, 0.664463, 1.4189e-07, -0.939693, 0.34202, 0.707107, -0.241845, -0.664462, 0, 0, 0)
sync_to_physics = false

[node name="Bar3" parent="Bars" instance=ExtResource("1_p80af")]
transform = Transform3D(-1.43064e-07, 0.34202, 0.939692, -1.4189e-07, -0.939692, 0.34202, 1, -8.4402e-08, 1.82965e-07, 0, 0, 0)
sync_to_physics = false

[node name="Bar4" parent="Bars" instance=ExtResource("1_p80af")]
transform = Transform3D(-0.707107, 0.241845, 0.664463, -1.4189e-07, -0.939692, 0.34202, 0.707107, 0.241845, 0.664463, 0, 0, 0)
sync_to_physics = false

[node name="Bar5" parent="Bars" instance=ExtResource("1_p80af")]
transform = Transform3D(-1, 5.75224e-08, -8.21505e-08, -8.21505e-08, -0.939692, 0.34202, -5.75224e-08, 0.34202, 0.939692, 0, 0, 0)
sync_to_physics = false

[node name="Bar6" parent="Bars" instance=ExtResource("1_p80af")]
transform = Transform3D(-0.707106, -0.241845, -0.664463, -8.21505e-08, -0.939692, 0.34202, -0.707107, 0.241845, 0.664463, 0, 0, 0)
sync_to_physics = false

[node name="Bar7" parent="Bars" instance=ExtResource("1_p80af")]
transform = Transform3D(1.3302e-07, -0.34202, -0.939692, -8.21505e-08, -0.939692, 0.34202, -1, 3.17006e-08, -1.53095e-07, 0, 0, 0)
sync_to_physics = false

[node name="Bar8" parent="Bars" instance=ExtResource("1_p80af")]
transform = Transform3D(0.707107, -0.241844, -0.664462, 1.4189e-07, -0.939692, 0.34202, -0.707106, -0.241845, -0.664463, 0, 0, 0)
sync_to_physics = false

[node name="Ball" type="StaticBody3D" parent="."]

[node name="MeshInstance3D" type="MeshInstance3D" parent="Ball"]
transform = Transform3D(2, 0, 0, 0, 2, 0, 0, 0, 2, 0, 0, 0)
mesh = SubResource("SphereMesh_x53gr")

[node name="CollisionShape3D" type="CollisionShape3D" parent="Ball"]
shape = SubResource("SphereShape3D_p80af")
