[gd_scene load_steps=10 format=3 uid="uid://bxt4ae0qrgpd0"]

[ext_resource type="Script" uid="uid://bu7eh1ydu658n" path="res://main.gd" id="1_h2yge"]
[ext_resource type="PackedScene" uid="uid://ccdc33vpni5bd" path="res://player.tscn" id="1_ig7tw"]
[ext_resource type="PackedScene" uid="uid://dp7qio86hk64j" path="res://Meshes/pyra_world.fbx" id="2_0xm2m"]
[ext_resource type="Script" uid="uid://cfinh2lxfg31r" path="res://world.gd" id="3_7mycd"]
[ext_resource type="PackedScene" uid="uid://cci0w05llgk4j" path="res://Level/Level.tscn" id="4_1bvp3"]
[ext_resource type="Script" uid="uid://p3txqf0mjxo3" path="res://drop_kill_zone.gd" id="5_lquwl"]

[sub_resource type="Environment" id="Environment_ig7tw"]
background_mode = 1
background_color = Color(0.573216, 0.662119, 0.842046, 1)
background_energy_multiplier = 0.3
tonemap_mode = 2
tonemap_white = 1.2
glow_enabled = true
fog_enabled = true
fog_light_color = Color(0.512, 0.39, 1, 1)
fog_sun_scatter = 0.39

[sub_resource type="WorldBoundaryShape3D" id="WorldBoundaryShape3D_1bvp3"]

[sub_resource type="Environment" id="Environment_lquwl"]
ambient_light_source = 1
ambient_light_color = Color(0.947199, 0.947199, 0.947199, 1)
reflected_light_source = 1
glow_hdr_threshold = 0.4
fog_enabled = true
fog_light_color = Color(0.384632, 0.551863, 0.818752, 1)
fog_density = 0.0004
adjustment_enabled = true
adjustment_brightness = 1.4
adjustment_contrast = 1.2

[node name="Main" type="Node3D"]
script = ExtResource("1_h2yge")

[node name="Player" parent="." instance=ExtResource("1_ig7tw")]
transform = Transform3D(1, 0, 0, 0, 1, 0, 0, 0, 1, 0, 65.5844, 0)

[node name="World" type="Node3D" parent="." node_paths=PackedStringArray("player", "minimap_camera")]
script = ExtResource("3_7mycd")
player = NodePath("../Player")
minimap_camera = NodePath("../SubViewportContainer/SubViewport/Camera3D")

[node name="WorldEnvironment" type="WorldEnvironment" parent="World"]
environment = SubResource("Environment_ig7tw")

[node name="DirectionalLight3D" type="DirectionalLight3D" parent="World"]
transform = Transform3D(1, 0, 0, 0, -4.37114e-08, 1, 0, -1, -4.37114e-08, 0, 10.4477, 12.4516)
light_energy = 0.3
light_indirect_energy = 0.4
shadow_enabled = true
shadow_opacity = 0.74

[node name="PyraWorld" parent="World" instance=ExtResource("2_0xm2m")]
transform = Transform3D(-1.84732e-08, 3.9616e-08, 1, 0.906308, 0.422618, 0, -0.422618, 0.906308, -4.37114e-08, 0, 0, 0)

[node name="Level" parent="World/PyraWorld" instance=ExtResource("4_1bvp3")]
transform = Transform3D(0.446197, 0.894934, 0, -0.894934, 0.446197, 0, 0, 0, 1, 71.6352, 12.2824, 0)

[node name="Level2" parent="World/PyraWorld" instance=ExtResource("4_1bvp3")]
transform = Transform3D(0, -4.47035e-08, 1, -0.894934, 0.446197, 0, -0.446197, -0.894934, -4.37114e-08, -0.0867333, 12.2619, -71.292)
selected_level = 0

[node name="Level3" parent="World/PyraWorld" instance=ExtResource("4_1bvp3")]
transform = Transform3D(2.98023e-08, -4.47035e-08, -1, -0.894934, 0.446197, 0, 0.446197, 0.894934, -4.37114e-08, -0.0867338, 12.2619, 71.2545)

[node name="Drop_KillZone" type="Area3D" parent="World"]
transform = Transform3D(1, 0, 0, 0, 1, 0, 0, 0, 1, 0, -162, 0)
script = ExtResource("5_lquwl")

[node name="CollisionShape3D" type="CollisionShape3D" parent="World/Drop_KillZone"]
shape = SubResource("WorldBoundaryShape3D_1bvp3")
debug_color = Color(0.970763, 0, 0.452533, 0.42)

[node name="SubViewportContainer" type="SubViewportContainer" parent="."]
offset_right = 120.0
offset_bottom = 117.0
stretch = true

[node name="SubViewport" type="SubViewport" parent="SubViewportContainer"]
transparent_bg = true
handle_input_locally = false
size = Vector2i(120, 117)
render_target_update_mode = 4

[node name="Camera3D" type="Camera3D" parent="SubViewportContainer/SubViewport"]
transform = Transform3D(-1, 8.60946e-08, -1.51808e-08, 0, 0.173648, 0.984808, 8.74228e-08, 0.984807, -0.173648, 0, 260, -60)
environment = SubResource("Environment_lquwl")
projection = 1
fov = 28.3684
size = 256.0

[connection signal="body_entered" from="World/Drop_KillZone" to="World/Drop_KillZone" method="_on_body_entered"]
