[gd_scene load_steps=6 format=3 uid="uid://bxt4ae0qrgpd0"]

[ext_resource type="Script" uid="uid://bu7eh1ydu658n" path="res://main.gd" id="1_h2yge"]
[ext_resource type="PackedScene" uid="uid://ccdc33vpni5bd" path="res://player.tscn" id="1_ig7tw"]
[ext_resource type="PackedScene" uid="uid://dp7qio86hk64j" path="res://Meshes/pyra_world.fbx" id="2_0xm2m"]
[ext_resource type="PackedScene" uid="uid://cci0w05llgk4j" path="res://Level/Level.tscn" id="4_1bvp3"]

[sub_resource type="Environment" id="Environment_ig7tw"]
background_mode = 1
background_color = Color(0.4015, 0.724525, 0.73, 1)
tonemap_mode = 2
tonemap_white = 1.2

[node name="Main" type="Node3D"]
script = ExtResource("1_h2yge")

[node name="Player" parent="." instance=ExtResource("1_ig7tw")]
transform = Transform3D(1, 0, 0, 0, 1, 0, 0, 0, 1, 0, 65.5844, 0)

[node name="WorldEnvironment" type="WorldEnvironment" parent="."]
environment = SubResource("Environment_ig7tw")

[node name="DirectionalLight3D" type="DirectionalLight3D" parent="."]
transform = Transform3D(1, 0, 0, 0, 0.617613, 0.786483, 0, -0.786483, 0.617613, 0, 10.4477, 12.4516)
light_energy = 0.4
light_indirect_energy = 0.4

[node name="PyraWorld" parent="." instance=ExtResource("2_0xm2m")]
transform = Transform3D(0.42284, -0.906205, 0, 0.906205, 0.42284, 0, 0, 0, 1, 0, 0, 0)

[node name="Level" parent="PyraWorld" instance=ExtResource("4_1bvp3")]
transform = Transform3D(0.446197, 0.894934, 0, -0.894934, 0.446197, 0, 0, 0, 1, 71.6352, 12.2824, 0)
selected_level = 1

[node name="Level2" parent="PyraWorld" instance=ExtResource("4_1bvp3")]
transform = Transform3D(0, -4.47035e-08, 1, -0.894934, 0.446197, 0, -0.446197, -0.894934, -4.37114e-08, -0.0867333, 12.2619, -71.292)

[node name="Level3" parent="PyraWorld" instance=ExtResource("4_1bvp3")]
transform = Transform3D(2.98023e-08, -4.47035e-08, -1, -0.894934, 0.446197, 0, 0.446197, 0.894934, -4.37114e-08, -0.0867338, 12.2619, 71.2545)
selected_level = 2
